time	data	error	fit	res
0.0000000500	-0.1736877352	0.1779527809	7.4057871902	-42.5926186030
0.0000001000	12.3730773769	0.8369899317	7.3935221587	5.9493609535
0.0000001500	9.8921615456	0.4293352457	7.3813415646	5.8481571366
0.0000002000	8.5143272117	0.1170170662	7.3692447753	9.7856019923
0.0000002500	8.1405181933	0.1314357633	7.3572311633	5.9594665114
0.0000003000	7.7723954528	0.3015578049	7.3453001055	1.4162967777
0.0000003500	7.5987980247	0.2033009632	7.3334509835	1.3051932320
0.0000004000	7.7536694062	0.2180336053	7.3216831837	1.9812827566
0.0000004500	7.6264964420	0.1461942008	7.3099960971	2.1649309148
0.0000005000	7.6884144402	0.2875779045	7.2983891191	1.3562423084
0.0000005500	7.6692091633	0.0947375352	7.2868616499	4.0358608916
0.0000006000	7.2482857394	0.2647773058	7.2754130940	-0.1024534730
0.0000006500	7.8827753608	0.2829819633	7.2640428604	2.1864732758
0.0000007000	7.4507973648	0.2781146910	7.2527503628	0.7121055032
0.0000007500	7.5306373591	0.1166310628	7.2415350190	2.4787765212
0.0000008000	7.4114659674	0.1084370105	7.2303962512	1.6698147195
0.0000008500	7.2559211033	0.1746460156	7.2193334862	0.2094958593
0.0000009000	7.1753462030	0.3109411285	7.2083461549	-0.1061292602
0.0000009500	7.3332190449	0.1011970103	7.1974336925	1.3417921332
0.0000010000	7.1922960228	0.0377907000	7.1865955385	0.1508435765
0.0000010500	7.1942956966	0.1867752983	7.1758311365	0.0988597543
0.0000011000	7.1477861456	0.0365875164	7.1651399345	-0.4743090158
0.0000012000	7.3676327015	0.1008653585	7.1439749426	2.2173892226
0.0000013000	7.1674674108	0.0650308887	7.1230962282	0.6823093373
0.0000014000	7.3262999029	0.2480057302	7.1024995216	0.9024000419
0.0000015000	7.5063140400	0.2643760527	7.0821806174	1.6042807898
0.0000016000	7.0916165214	0.1436365732	7.0621353727	0.2052482035
0.0000017000	7.3164612525	0.1544061703	7.0423597073	1.7751981334
0.0000018000	7.3107349037	0.1655564843	7.0228496015	1.7388947555
0.0000019000	6.9724150429	0.1336156078	7.0036010962	-0.2334012758
0.0000020000	6.8341444784	0.1480674969	6.9846102916	-1.0161974528
0.0000022000	7.0776329080	0.0545855119	6.9473864760	2.3860989388
0.0000024000	6.9497890462	0.0821590904	6.9111481087	0.4703184685
0.0000026000	7.0570440591	0.0759280124	6.8758660370	2.3861815485
0.0000028000	7.0763598968	0.1295371292	6.8415119752	1.8129776612
0.0000030000	6.6060705732	0.0740686338	6.8080584789	-2.7270370102
0.0000032000	6.7620727739	0.0679475582	6.7754789195	-0.1973013598
0.0000034000	6.6610640044	0.0445597461	6.7437474606	-1.8555638992
0.0000036000	6.7214713076	0.0721192304	6.7128390337	0.1196944812
0.0000038000	6.7931201108	0.0482793802	6.6827293159	2.2864998378
0.0000040000	6.5531245365	0.0479831410	6.6533947074	-2.0896958540
0.0000044000	6.4924872739	0.0444302019	6.5969599073	-2.3513877684
0.0000048000	6.5217796481	0.0383596794	6.5433594979	-0.5625659572
0.0000052000	6.4951955453	0.0208481616	6.4924286032	0.1327187574
0.0000056000	6.4551164611	0.0661902966	6.4440120049	0.1677656205
0.0000060000	6.3207015605	0.0494902644	6.3979635765	-1.5611558541
0.0000064000	6.3574427956	0.0930084834	6.3541457502	0.0354488679
0.0000068000	6.2116066678	0.0466463182	6.3124290152	-2.1614213390
0.0000072000	6.2237326100	0.0440551439	6.2726914457	-1.1113080410
0.0000076000	6.1716468096	0.0303171723	6.2348182560	-2.0836853080
0.0000080000	6.1239694505	0.0432750284	6.1987013823	-1.7269065933
0.0000088000	6.1024387652	0.0467681873	6.1313355952	-0.6178736368
0.0000096000	6.0747034458	0.0635429813	6.0698496043	0.0763867443
0.0000104000	6.0187807911	0.0117208589	6.0135835508	0.4434180398
0.0000112000	6.0214818213	0.0208161604	5.9619525687	2.8597614237
0.0000120000	5.8723796629	0.0726455348	5.9144382540	-0.5789563153
0.0000128000	5.9448853600	0.0645787443	5.8705811039	1.1505992699
0.0000136000	5.8642725333	0.0361419258	5.8299738161	0.9490008197
0.0000144000	5.8646036151	0.0510578341	5.7922553516	1.4169865372
0.0000152000	5.6953178807	0.1252230169	5.7571056726	-0.4934220037
0.0000160000	5.7927757644	0.0583193202	5.7242410790	1.1751626247
0.0000176000	5.6502677171	0.0692266180	5.6643897117	-0.2039965994
0.0000192000	5.6230982522	0.0571643794	5.6110126993	0.2114175466
0.0000208000	5.5604354922	0.0363656046	5.5627828430	-0.0645486515
0.0000224000	5.5392243342	0.0299309644	5.5186567960	0.6871659024
0.0000240000	5.4510337659	0.0384828313	5.4778141937	-0.6959058591
0.0000256000	5.4427530693	0.0554664635	5.4396098422	0.0566689658
0.0000272000	5.3532808481	0.0821011293	5.4035361642	-0.6121147976
0.0000288000	5.4413927303	0.0192210640	5.3691937001	3.7562452432
0.0000304000	5.3896080763	0.0337530786	5.3362679365	1.5803044340
0.0000320000	5.3328771349	0.0182567438	5.3045111037	1.5537289431
0.0000352000	5.3061794139	0.0293821037	5.2437641451	2.1242614007
0.0000384000	5.1508818024	0.0353079419	5.1858337208	-0.9899166172
0.0000416000	5.0779673320	0.0656184581	5.1300199852	-0.7932623646
0.0000448000	5.0528101141	0.0122750628	5.0758821529	-1.8795862140
0.0000480000	5.0269928873	0.0121202426	5.0231396094	0.3179208593
0.0000512000	4.9384492349	0.0553504013	4.9716108582	-0.5991216408
0.0000544000	4.8805726721	0.0328780934	4.9211758231	-1.2349606306
0.0000576000	4.7981392759	0.0362872342	4.8717525659	-2.0286277415
0.0000608000	4.7567129186	0.0536141247	4.8232829039	-1.2416501392
0.0000640000	4.6988142533	0.0421913355	4.7757235228	-1.8228688122
0.0000704000	4.6512364159	0.0307922899	4.6832058147	-1.0382273924
0.0000768000	4.5091734516	0.0545118808	4.5939877794	-1.5558870191
0.0000832000	4.4557333592	0.0393534593	4.5079028490	-1.3256646495
0.0000896000	4.3816548594	0.0401745422	4.4248059540	-1.0740905125
0.0000960000	4.2738711770	0.0716936075	4.3445642749	-0.9860446471
0.0001024000	4.2072695324	0.0484658878	4.2670534869	-1.2335264483
0.0001088000	4.1228941572	0.0523600698	4.1921561141	-1.3228010793
0.0001152000	4.0581429798	0.0381384192	4.1197607043	-1.6156339399
0.0001216000	4.0197659734	0.0364214773	4.0497613279	-0.8235622692
0.0001280000	3.9503720310	0.0394310235	3.9820572126	-0.8035597040
0.0001408000	3.8166689143	0.0509001186	3.8531556769	-0.7168306021
0.0001536000	3.7039105589	0.0442973473	3.7323422979	-0.6418384106
0.0001664000	3.6005022717	0.0451407272	3.6189690926	-0.4090944502
0.0001792000	3.4959247745	0.0481598485	3.5124471580	-0.3430738254
0.0001920000	3.4068518629	0.0433803453	3.4122407082	-0.1242231988
0.0002048000	3.3027411912	0.0452615789	3.3178617764	-0.3340710944
0.0002176000	3.2429305509	0.0440705363	3.2288654975	0.3191486781
0.0002304000	3.1675919564	0.0454231140	3.1448459027	0.5007594539
0.0002432000	3.0770700608	0.0406197217	3.0654321635	0.2865085428
0.0002560000	2.9997153269	0.0579749161	2.9902852340	0.1626581544
0.0002816000	2.8953820516	0.0390008624	2.8515768001	1.1231867408
0.0003072000	2.7701320276	0.0362722749	2.7265371158	1.2018797254
0.0003328000	2.6604947263	0.0345688247	2.6133282029	1.3644236906
0.0003584000	2.5632731324	0.0387300127	2.5103977246	1.3652308436
0.0003840000	2.4676689226	0.0381595366	2.4164303260	1.3427468237
0.0004096000	2.3776536859	0.0348156551	2.3303079230	1.3598986685
0.0004352000	2.3062493932	0.0329615278	2.2510771671	1.6738370365
0.0004608000	2.2215593133	0.0309178147	2.1779226964	1.4113745535
0.0004864000	2.1512338613	0.0333518566	2.1101450661	1.2319792485
0.0005120000	2.0938391367	0.0314993695	2.0471424840	1.4824630917
0.0005632000	1.9796177211	0.0259952030	1.9334551217	1.7758122333
0.0006144000	1.8716082421	0.0215230353	1.8334830700	1.7713659567
0.0006656000	1.7710514703	0.0265520647	1.7446682880	0.9936395744
0.0007168000	1.6962291765	0.0240121142	1.6650505942	1.2984521884
0.0007680000	1.6251574770	0.0196121375	1.5931102551	1.6340504423
0.0008192000	1.5472543119	0.0204848181	1.5276551626	0.9567646245
0.0008704000	1.4904676237	0.0164357235	1.4677392619	1.3828634845
0.0009216000	1.4341276594	0.0144268900	1.4126030759	1.4919766895
0.0009728000	1.3769603885	0.0118923875	1.3616299833	1.2890939897
0.0010240000	1.3234039320	0.0154031457	1.3143138146	0.5901468139
0.0011264000	1.2405075863	0.0097100698	1.2290405486	1.1809428699
0.0012288000	1.1652903737	0.0054801652	1.1541601042	2.0310098389
0.0013312000	1.0887286115	0.0075444874	1.0877657419	0.1276255864
0.0014336000	1.0266326644	0.0060584935	1.0284256295	-0.2959423969
0.0015360000	0.9672713800	0.0053889490	0.9750345897	-1.4405795578
0.0016384000	0.9213374037	0.0043706968	0.9267198876	-1.2314933078
0.0017408000	0.8742483699	0.0025896897	0.8827792686	-3.2941780129
0.0018432000	0.8370591199	0.0043104866	0.8426388386	-1.2944521766
0.0019456000	0.7973902320	0.0048481330	0.8058235366	-1.7394953146
0.0020480000	0.7660803686	0.0035532009	0.7719358471	-1.6479447161
0.0022528000	0.7101126820	0.0052793844	0.7116504363	-0.2912752900
0.0024576000	0.6539486735	0.0035360821	0.6596434138	-1.6104660858
0.0026624000	0.6048900390	0.0032140104	0.6143262232	-2.9359532611
0.0028672000	0.5681745935	0.0030454211	0.5744929913	-2.0747205434
0.0030720000	0.5416500782	0.0029343690	0.5392113302	0.8310979165
0.0032768000	0.5139858658	0.0030081106	0.5077487981	2.0734170312
0.0034816000	0.4839794589	0.0041519437	0.4795219766	1.0735892903
0.0036864000	0.4593595307	0.0049030977	0.4540603905	1.0807739138
0.0038912000	0.4353415546	0.0031741295	0.4309804376	1.3739568378
0.0040960000	0.4149116163	0.0031876035	0.4099662244	1.5514451178
0.0045056000	0.3738540108	0.0040230740	0.3731276415	0.1805508177
0.0049152000	0.3421104101	0.0028484465	0.3419077912	0.0711331117
0.0053248000	0.3138565974	0.0030334839	0.3151268233	-0.4187350330
0.0057344000	0.2941427203	0.0052163928	0.2919128671	0.4274703332
0.0061440000	0.2775697844	0.0080110191	0.2716077469	0.7442296009
0.0065536000	0.2631006051	0.0080650310	0.2537053324	1.1649394403
0.0069632000	0.2472303483	0.0073441991	0.2378100637	1.2826837120
0.0073728000	0.2387276388	0.0089731697	0.2236083479	1.6849442685
0.0077824000	0.2231797186	0.0082196945	0.2108483957	1.5002166904
0.0081920000	0.2071188760	0.0056618739	0.1993257293	1.3764253401
0.0090112000	0.1896287489	0.0078448546	0.1793500361	1.3102489919
0.0098304000	0.1741022765	0.0078405069	0.1626510549	1.4605205636
0.0106496000	0.1583241899	0.0070372296	0.1485010650	1.3958795450
0.0114688000	0.1498040721	0.0097083386	0.1363716031	1.3836012019
0.0122880000	0.1374732703	0.0091458244	0.1258697800	1.2687199928
0.0131072000	0.1305407005	0.0089665819	0.1166975350	1.5438620560
0.0139264000	0.1223515109	0.0081644439	0.1086247378	1.6812869568
0.0147456000	0.1116446122	0.0043345561	0.1014709447	2.3471071337
0.0155648000	0.1044854787	0.0046674410	0.0950927262	2.0123987357
0.0163840000	0.0967036329	0.0030009455	0.0893746792	2.4422148296
0.0180224000	0.0900672015	0.0038282045	0.0795603712	2.7445844058
0.0196608000	0.0845249358	0.0058105855	0.0714576652	2.2488732776
0.0212992000	0.0818203880	0.0073296023	0.0646694488	2.3399549508
0.0229376000	0.0744348872	0.0052974986	0.0589110496	2.9304089792
0.0245760000	0.0670794895	0.0042919138	0.0539732997	3.0536936020
0.0262144000	0.0613527782	0.0059231739	0.0496992213	1.9674513943
0.0278528000	0.0587699152	0.0053826475	0.0459688214	2.3782151602
0.0294912000	0.0578082902	0.0064790737	0.0426888901	2.3335743447
0.0311296000	0.0569590686	0.0076960884	0.0397859859	2.2314040373
0.0327680000	0.0501895352	0.0067523240	0.0372015058	1.9234902584
0.0360448000	0.0491120362	0.0070703576	0.0328073664	2.3060601223
0.0393216000	0.0432948803	0.0054098676	0.0292219409	2.6013463766
0.0425984000	0.0419058052	0.0060996033	0.0262498369	2.5667190948
0.0458752000	0.0363168296	0.0046207501	0.0237527437	2.7190576717
0.0491520000	0.0343233934	0.0052491626	0.0216302108	2.4181347764
0.0524288000	0.0318255439	0.0053422816	0.0198076600	2.2495788804
0.0557056000	0.0319158431	0.0053881506	0.0182286527	2.5402390046
0.0589824000	0.0304079345	0.0050102519	0.0168497561	2.7060871640
0.0622592000	0.0290852300	0.0055454401	0.0156370473	2.4250884427
0.0655360000	0.0287796975	0.0055230050	0.0145636788	2.5739644570
0.0720896000	0.0265716526	0.0060811610	0.0127530578	2.2723612669
0.0786432000	0.0239940910	0.0059551924	0.0112897813	2.1333164420
0.0851968000	0.0233398260	0.0055960349	0.0100870281	2.3682479073
0.0917504000	0.0215993458	0.0052370743	0.0090840648	2.3897466656
0.0983040000	0.0205863112	0.0066333465	0.0082372515	1.8616635965
0.1048576000	0.0199109044	0.0055653593	0.0075145005	2.2274220248
0.1114112000	0.0208599224	0.0053168733	0.0068917418	2.6271419068
0.1179648000	0.0205095787	0.0051600831	0.0063506011	2.7439437038
0.1245184000	0.0203836988	0.0053339713	0.0058768331	2.7197119700
0.1310720000	0.0182490218	0.0052104429	0.0054592402	2.4546438392
0.1441792000	0.0179417406	0.0062449664	0.0047586754	2.1109905829
0.1572864000	0.0182280365	0.0064348317	0.0041962126	2.1806046614
0.1703936000	0.0173778653	0.0060027822	0.0037365078	2.2725058005
0.1835008000	0.0169015494	0.0058405977	0.0033550587	2.3193671803
0.1966080000	0.0152383434	0.0049901281	0.0030343978	2.4456176795
0.2097152000	0.0157550262	0.0057102163	0.0027617717	2.2754399774
0.2228224000	0.0146154597	0.0055375031	0.0025276734	2.1828947158
0.2359296000	0.0140732347	0.0058382357	0.0023248862	2.0123114599
0.2490368000	0.0155255980	0.0062767718	0.0021478434	2.1313112722
0.2621440000	0.0169744199	0.0058932554	0.0019921897	2.5422672498
0.2883584000	0.0145972469	0.0053877985	0.0017319275	2.3878620012
0.3145728000	0.0144246173	0.0060890720	0.0015237909	2.1186851258
0.3407872000	0.0144032160	0.0058054152	0.0013542489	2.2477233065
0.3670016000	0.0146713385	0.0061181857	0.0012139746	2.1995677564
0.3932160000	0.0166915106	0.0064047291	0.0010963515	2.4349443838
0.4194304000	0.0142081818	0.0062202026	0.0009965698	2.1239842000
0.4456448000	0.0155618635	0.0058442683	0.0009110576	2.5068674384
0.4718592000	0.0143114588	0.0062490964	0.0008371126	2.1562071263
0.4980736000	0.0133033664	0.0057564866	0.0007726567	2.1767981969
0.5242880000	0.0130444641	0.0057308026	0.0007160685	2.1512511518
0.5767168000	0.0127689663	0.0061129017	0.0006216239	1.9871646861
0.6291456000	0.0144157468	0.0068337134	0.0005462582	2.0295683768
0.6815744000	0.0130963880	0.0062766827	0.0004849801	2.0092473342
0.7340032000	0.0134488510	0.0063591432	0.0004343598	2.0465793455
0.7864320000	0.0137802172	0.0063256325	0.0003919714	2.1165070595
0.8388608000	0.0129134704	0.0058365708	0.0003560554	2.1515056566
0.8912896000	0.0135750261	0.0065030390	0.0003253080	2.0374655897
0.9437184000	0.0131775701	0.0061641272	0.0002987446	2.0893185645
0.9961472000	0.0135994014	0.0063228895	0.0002756094	2.1072315115
1.0485760000	0.0137776868	0.0058599088	0.0002553135	2.3076081548
1.1534336000	0.0136536759	0.0057809289	0.0002214729	2.3235371469
1.2582912000	0.0129965375	0.0060455523	0.0001944992	2.1175961404
1.3631488000	0.0125434937	0.0059737329	0.0001725886	2.0708835333
1.4680064000	0.0129411482	0.0059618973	0.0001545036	2.1447274047
1.5728640000	0.0130397232	0.0059374548	0.0001393704	2.1727075579
1.6777216000	0.0131923093	0.0063680512	0.0001265558	2.0517663855
1.7825792000	0.0129437543	0.0061409133	0.0001155913	2.0889666265
1.8874368000	0.0126715560	0.0062759546	0.0001061234	2.0021547924
1.9922944000	0.0131102985	0.0060917362	0.0000978810	2.1360769983
2.0971520000	0.0128388481	0.0061718147	0.0000906528	2.0655505467
2.3068672000	0.0124636753	0.0062461468	0.0000786071	1.9828333641
2.5165824000	0.0127951762	0.0063794339	0.0000690112	1.9948737177
2.7262976000	0.0129925936	0.0060646713	0.0000612204	2.1322463418
2.9360128000	0.0124445224	0.0061933678	0.0000547925	2.0004834547
3.1457280000	0.0126658934	0.0060762557	0.0000494157	2.0763572536
3.3554432000	0.0131477005	0.0060968736	0.0000448642	2.1491074229
3.5651584000	0.0132684935	0.0059042064	0.0000409709	2.2403557240
3.7748736000	0.0127313656	0.0060035107	0.0000376098	2.1143888038
3.9845888000	0.0128944356	0.0062305233	0.0000346844	2.0639921626
4.1943040000	0.0131520001	0.0060021239	0.0000321194	2.1858730054
4.6137344000	0.0130165979	0.0060820614	0.0000278461	2.1355838130
5.0331648000	0.0131580477	0.0060948476	0.0000244428	2.1548700838
5.4525952000	0.0130705125	0.0060913143	0.0000216805	2.1422030460
5.8720256000	0.0125868795	0.0060938915	0.0000194018	2.0623074103
6.2914560000	0.0127821711	0.0061875475	0.0000174962	2.0629619438
6.7108864000	0.0125869643	0.0062422444	0.0000158832	2.0138719842
7.1303168000	0.0131621539	0.0058416679	0.0000145037	2.2506671726
7.5497472000	0.0126756541	0.0058352916	0.0000133130	2.1699585956
7.9691776000	0.0128000631	0.0060557485	0.0000122767	2.1116772597
8.3886080000	0.0128320200	0.0060667417	0.0000113682	2.1132681144
9.2274688000	0.0126833450	0.0061964681	0.0000098547	2.0452764452
10.0663296000	0.0128183612	0.0059949821	0.0000086496	2.1367389246
10.9051904000	0.0127752217	0.0061527205	0.0000076716	2.0751064788
11.7440512000	0.0128742943	0.0059673553	0.0000068649	2.1563035283
12.5829120000	0.0124894015	0.0061628462	0.0000061903	2.0255594374
13.4217728000	0.0128684129	0.0061056314	0.0000056193	2.1067097934
14.2606336000	0.0127900397	0.0059097179	0.0000051311	2.1633703790
15.0994944000	0.0124007793	0.0059486813	0.0000047097	2.0838348904
15.9383552000	0.0126678722	0.0061220147	0.0000043429	2.0685231750
16.7772160000	0.0127101200	0.0059480250	0.0000040214	2.1361878237
18.4549376000	0.0130028853	0.0059650745	0.0000034859	2.1792518279
20.1326592000	0.0125773102	0.0059969401	0.0000030595	2.0967777745
21.8103808000	0.0126799306	0.0058038215	0.0000027134	2.1842879146
23.4881024000	0.0126234459	0.0059163559	0.0000024280	2.1332418223
25.1658240000	0.0127223124	0.0060855046	0.0000021894	2.0902330975
26.8435456000	0.0126042893	0.0060924457	0.0000019874	2.0685128098
28.5212672000	0.0127335782	0.0059512770	0.0000018147	2.1393330389
30.1989888000	0.0124991262	0.0058134825	0.0000016656	2.1497373813
31.8767104000	0.0123681033	0.0060079602	0.0000015359	2.0583637234
33.5544320000	0.0125898480	0.0059102312	0.0000014222	2.1299379544
36.9098752000	0.0126047512	0.0059759272	0.0000012327	2.1090481809
40.2653184000	0.0125385155	0.0059449213	0.0000010819	2.1089318030
43.6207616000	0.0125937609	0.0058831532	0.0000009595	2.1404850165
46.9762048000	0.0123666883	0.0058899064	0.0000008586	2.0994950958
50.3316480000	0.0123437508	0.0058907708	0.0000007742	2.0953075668
53.6870912000	0.0124532086	0.0060328716	0.0000007028	2.0641092163
57.0425344000	0.0124015448	0.0058593944	0.0000006417	2.1164138043
60.3979776000	0.0123011569	0.0058579285	0.0000005890	2.0998152953
63.7534208000	0.0122972602	0.0058113205	0.0000005431	2.1159936045
67.1088640000	0.0124134037	0.0057791352	0.0000005029	2.1478820559
73.8197504000	0.0124878181	0.0058947292	0.0000004359	2.1183979481
80.5306368000	0.0124449277	0.0058034493	0.0000003826	2.1443359611
87.2415232000	0.0121525756	0.0057681321	0.0000003393	2.1067888253
93.9524096000	0.0120188377	0.0057692797	0.0000003036	2.0831948987
100.6632960000	0.0121508211	0.0057610621	0.0000002737	2.1090811124
107.3741824000	0.0120437661	0.0057331716	0.0000002485	2.1006728123
114.0850688000	0.0119166862	0.0056613678	0.0000002269	2.1048728341
120.7959552000	0.0119902299	0.0055998039	0.0000002082	2.1411502597
127.5068416000	0.0119601600	0.0055601690	0.0000001920	2.1510080034
134.2177280000	0.0118298577	0.0057026921	0.0000001778	2.0744027086
147.6395008000	0.0118353742	0.0055488112	0.0000001541	2.1329289651
161.0612736000	0.0116250226	0.0055054980	0.0000001353	2.1115051414
174.4830464000	0.0116179859	0.0054918688	0.0000001200	2.1154667662
187.9048192000	0.0115489684	0.0054566687	0.0000001073	2.1164673327
201.3265920000	0.0113652941	0.0053920786	0.0000000968	2.1077581076
214.7483648000	0.0112831696	0.0053487030	0.0000000879	2.1094986411
228.1701376000	0.0112344432	0.0053519067	0.0000000802	2.0991327911
241.5919104000	0.0111606512	0.0053318074	0.0000000736	2.0932071874
255.0136832000	0.0110377635	0.0051742295	0.0000000679	2.1332056682
268.4354560000	0.0109665272	0.0052120874	0.0000000629	2.1040446097
295.2790016000	0.0107280041	0.0050082009	0.0000000545	2.1420765275
322.1225472000	0.0105367923	0.0048479318	0.0000000478	2.1734514804
348.9660928000	0.0104115107	0.0048055840	0.0000000424	2.1665354944
375.8096384000	0.0102109051	0.0046823958	0.0000000380	2.1806928641
402.6531840000	0.0099788269	0.0045554424	0.0000000342	2.1905211028
429.4967296000	0.0097056995	0.0044556685	0.0000000311	2.1782743489
456.3402752000	0.0095474356	0.0044258299	0.0000000284	2.1572015698
483.1838208000	0.0092997238	0.0042330467	0.0000000260	2.1969277330
510.0273664000	0.0090622033	0.0041345951	0.0000000240	2.1917936591
536.8709120000	0.0088764073	0.0039915108	0.0000000222	2.2238158438
590.5580032000	0.0085448080	0.0037384044	0.0000000193	2.2856780282
644.2450944000	0.0079608089	0.0034917098	0.0000000169	2.2799122259
697.9321856000	0.0074369239	0.0032273591	0.0000000150	2.3043326216
751.6192768000	0.0071917064	0.0029266239	0.0000000134	2.4573342000
805.3063680000	0.0068536969	0.0027349015	0.0000000121	2.5060079390
858.9934592000	0.0064208739	0.0024311342	0.0000000110	2.6410976714
912.6805504000	0.0061052237	0.0023160732	0.0000000100	2.6360193627
966.3676416000	0.0052750917	0.0019060721	0.0000000092	2.7675145886
1020.0547328000	0.0046706667	0.0016568413	0.0000000085	2.8190136272
1073.7418240000	0.0045995390	0.0015064097	0.0000000079	3.0533068917
